0000 0000 0800 0000 1300 0000 0100 0000
0200 0000 0300 0000 0400 0000 0500 0000
0600 0000 0700 0000 0800 0000 0900 0000
0a00 0000 0b00 0000 0c00 0000 0d00 0000
0e00 0000 0f00 0000 1000 0000 1100 0000
1200 0000 1300 0000 a800 0000 d800 0000
dc00 0000 e000 0000 fe00 0000 1801 0000
3a01 0000 4401 0000 4801 0000 5201 0000
5601 0000 5a01 0000 6401 0000 6e01 0000
7801 0000 8201 0000 8c01 0000 9601 0000
a001 0000 0a00 0000 7b22 6e75 6d22 3a20
3435 3037 2c20 2273 7472 223a 2022 4742
5244 434d 4251 4741 5954 434d 4251 4745
5954 414d 4a52 227d 7472 7565 2325 0000
5b22 6368 6563 6b69 6e67 222c 2022 6f66
222c 2022 6163 7175 6972 6564 225d 2247
4252 4443 4d42 5147 4159 5443 4d42 5147
4559 5441 4d4a 5222 2247 4252 4443 4d42
5147 4559 4443 4d42 5147 4559 4441 4d42
5247 453d 3d3d 3d3d 3d22 2247 4252 4443
4d49 3d22 fb01 0000 2247 4252 4443 4d49
3d22 2325 0000 7472 7565 2247 4252 4443
4d49 3d22 2247 4252 4443 4d49 3d22 2247
4252 4443 4d49 3d22 2247 4252 4443 4d49
3d22 2247 4252 4443 4d49 3d22 2247 4252
4443 4d49 3d22 2247 4252 4443 4d49 3d22
2247 4252 4443 4d49 3d22 1300 0000 1400
0000 0100 0000 1500 0000 1600 0000 1700
0000 0200 0000 0300 0000 0400 0000 1800
0000 0500 0000 0600 0000 1900 0000 0a00
0000 0b00 0000 1a00 0000 1b00 0000 0800
0000 1c00 0000 1d00 0000 4a02 0000 5402
0000 8402 0000 8e02 0000 9802 0000 a202
0000 a602 0000 aa02 0000 ca02 0000 d402
0000 ee02 0000 1003 0000 1a03 0000 1e03
0000 2303 0000 2d03 0000 3703 0000 3b03
0000 4503 0000 0a00 0000 2247 4252 4443
4d42 5122 7b22 6e75 6d22 3a20 3430 3638
2c20 2273 7472 223a 2022 4742 5244 434d
4a52 4745 5954 434d 4a51 4741 5954 414d
413d 227d 2247 4252 4443 4d42 5122 2247
4252 4443 4d42 5122 2247 4252 4443 4d42
5122 6c23 0000 6c23 0000 5b22 6f76 6572
222c 2022 6d6f 6e64 6179 222c 2022 7765
222c 2022 7769 7468 225d 2247 4252 4443
4d42 5122 2247 4252 4443 4d4a 5247 4559
5443 4d4a 5147 4159 5441 4d41 3d22 2247
4252 4443 4d42 5147 4159 5443 4d42 5247
4559 4443 4d4a 5147 413d 3d3d 3d3d 3d22
2247 4252 4443 4d42 5122 6c23 0000 6661
6c73 6522 4742 5244 434d 4251 2222 4742
5244 434d 4251 2244 0000 0022 4742 5244
434d 4251 2222 4742 5244 434d 4251 2213
0000 0001 0000 0002 0000 0003 0000 0004
0000 0005 0000 0006 0000 0008 0000 000a
0000 000b 0000 001e 0000 001f 0000 0020
0000 0021 0000 0022 0000 0023 0000 0024
0000 0025 0000 0026 0000 0027 0000 00ef
0300 001e 0400 0022 0400 0026 0400 005d
0400 0077 0400 0091 0400 0095 0400 0099
0400 009d 0400 00a7 0400 00b1 0400 00bb
0400 00c5 0400 00cf 0400 00d9 0400 00e3
0400 00ed 0400 00f7 0400 000a 0000 007b
226e 756d 223a 2036 3739 2c20 2273 7472
223a 2022 4742 5244 434d 4252 4741 5954
414d 4252 4745 5951 3d3d 3d3d 227d 7472
7565 2f16 0000 5b22 7768 6f22 2c20 226f
6622 2c20 2277 6573 7422 2c20 2275 7365
6422 2c20 2274 6865 222c 2022 636c 6f73
6522 2c20 2263 656c 6c61 7222 5d22 4742
5244 434d 4252 4741 5954 414d 4252 4745
5951 3d3d 3d3d 2222 4742 5244 434d 4252
4745 5944 414d 4252 4741 5954 434d 4a52
22a7 0200 002f 1600 0074 7275 6522 4742
5244 434d 493d 2222 4742 5244 434d 493d
2222 4742 5244 434d 493d 2222 4742 5244
434d 493d 2222 4742 5244 434d 493d 2222
4742 5244 434d 493d 2222 4742 5244 434d
493d 2222 4742 5244 434d 493d 2222 4742
5244 434d 493d 2222 4742 5244 434d 493d
2213 0000 0001 0000 0002 0000 0003 0000
0004 0000 0005 0000 0006 0000 0008 0000
000a 0000 000b 0000 001e 0000 001f 0000
0020 0000 0021 0000 0022 0000 0023 0000
0024 0000 0025 0000 0026 0000 0027 0000
00a1 0500 00d1 0500 00eb 0500 00ef 0500
0030 0600 004a 0600 0064 0600 0068 0600
006c 0600 0070 0600 007a 0600 0084 0600
008e 0600 0098 0600 00a2 0600 00ac 0600
00b6 0600 00c0 0600 00ca 0600 000a 0000
007b 226e 756d 223a 2032 3837 392c 2022
7374 7222 3a20 2247 4252 4443 4d42 5247
4559 4441 4d4a 5247 4559 5443 4d49 3d22
7d22 4742 5244 434d 4a52 4745 5944 434d
4a51 4741 5944 434d 4a52 22c7 1e00 005b
2274 6f6e 6967 6874 222c 2022 7468 6522
2c20 2261 6e67 6c65 222c 2022 706c 6561
7365 6422 2c20 2267 6169 6e22 2c20 2270
6179 222c 2022 6c75 7875 7269 6573 225d
2247 4252 4443 4d42 5247 4559 4441 4d4a
5247 4559 5443 4d49 3d22 2247 4252 4443
4d4a 5247 4559 4443 4d4a 5147 4159 4443
4d4a 5222 6f03 0000 c71e 0000 7472 7565
2247 4252 4443 4d49 3d22 2247 4252 4443
4d49 3d22 2247 4252 4443 4d49 3d22 2247
4252 4443 4d49 3d22 2247 4252 4443 4d49
3d22 2247 4252 4443 4d49 3d22 2247 4252
4443 4d49 3d22 2247 4252 4443 4d49 3d22
2247 4252 4443 4d49 3d22 2247 4252 4443
4d49 3d22 1300 0000 2800 0000 0100 0000
0200 0000 0300 0000 0400 0000 2900 0000
0500 0000 0600 0000 2a00 0000 2b00 0000
2c00 0000 2d00 0000 2e00 0000 0a00 0000
0b00 0000 2f00 0000 0800 0000 3000 0000
3100 0000 7407 0000 7e07 0000 ae07 0000
d007 0000 d407 0000 0208 0000 0c08 0000
2608 0000 4808 0000 5208 0000 5c08 0000
6608 0000 7008 0000 7a08 0000 7e08 0000
8208 0000 8c08 0000 9008 0000 9a08 0000
0a00 0000 2247 4252 4443 3d3d 3d22 7b22
6e75 6d22 3a20 3439 3031 2c20 2273 7472
223a 2022 4742 5244 434d 4251 4745 5954
414d 4252 4741 5944 434d 4252 227d 2247
4252 4443 4d42 5147 4559 5441 4d4a 5147
4559 4443 4d4a 5147 453d 3d3d 3d3d 3d22
ad26 0000 5b22 616e 6422 2c20 2277 6869
6368 222c 2022 6163 7469 6f6e 222c 2022
6922 2c20 2269 6e74 6572 6573 7469 6e67
225d 2247 4252 4443 3d3d 3d22 2247 4252
4443 4d42 5147 4559 5441 4d42 5247 4159
4443 4d42 5222 2247 4252 4443 4d42 5147
4559 5441 4d4a 5147 4559 4443 4d4a 5147
453d 3d3d 3d3d 3d22 2247 4252 4443 3d3d
3d22 2247 4252 4443 3d3d 3d22 2247 4252
4443 3d3d 3d22 2247 4252 4443 3d3d 3d22
2247 4252 4443 3d3d 3d22 ad26 0000 7472
7565 2247 4252 4443 3d3d 3d22 8503 0000
2247 4252 4443 3d3d 3d22 2247 4252 4443
3d3d 3d22 1300 0000 3200 0000 0100 0000
3300 0000 3400 0000 3500 0000 0200 0000
0300 0000 0400 0000 3600 0000 0500 0000
0600 0000 3700 0000 3800 0000 3900 0000
0a00 0000 0b00 0000 0800 0000 3a00 0000
3b00 0000 4409 0000 4e09 0000 7e09 0000
8809 0000 9209 0000 9c09 0000 a109 0000
a509 0000 a709 0000 b109 0000 cb09 0000
e509 0000 ef09 0000 f909 0000 030a 0000
070a 0000 0c0a 0000 100a 0000 1a0a 0000
0a00 0000 2247 4252 4443 4d4a 5122 7b22
6e75 6d22 3a20 3131 3434 2c20 2273 7472
223a 2022 4742 5244 434d 4251 4741 5954
434d 4a52 4741 5944 413d 3d3d 227d 2247
4252 4443 4d4a 5122 2247 4252 4443 4d4a
5122 2247 4252 4443 4d4a 5122 6661 6c73
6500 1800 005b 5d22 4742 5244 434d 4a51
2222 4742 5244 434d 4251 4741 5954 434d
4a52 4741 5944 413d 3d3d 2222 4742 5244
434d 4a51 4741 5944 414d 4251 4741 5944
414d 4251 2222 4742 5244 434d 4a51 2222
4742 5244 434d 4a51 2222 4742 5244 434d
4a51 2200 1800 0066 616c 7365 9000 0000
2247 4252 4443 4d4a 5122 2247 4252 4443
4d4a 5122 1300 0000 0100 0000 0200 0000
0300 0000 0400 0000 3c00 0000 0500 0000
0600 0000 3d00 0000 3e00 0000 3f00 0000
4000 0000 4100 0000 0a00 0000 0b00 0000
4200 0000 0800 0000 4300 0000 4400 0000
4500 0000 c40a 0000 fc0a 0000 010b 0000
050b 0000 070b 0000 190b 0000 3b0b 0000
550b 0000 670b 0000 790b 0000 8b0b 0000
9d0b 0000 af0b 0000 b30b 0000 b80b 0000
ca0b 0000 ce0b 0000 e00b 0000 f20b 0000
1200 0000 7b22 6e75 6d22 3a20 3938 3732
2c20 2273 7472 223a 2022 4742 5244 434d
4251 4745 5954 414d 4a51 4741 5954 414d
4251 4741 3d3d 3d3d 3d3d 227d 6661 6c73
6508 1300 005b 5d22 4742 5244 434d 4252
4741 3d3d 3d3d 3d3d 2222 4742 5244 434d
4251 4745 5954 414d 4a51 4741 5954 414d
4251 4741 3d3d 3d3d 3d3d 2222 4742 5244
434d 4251 4745 5954 414d 4251 4741 5954
414d 4251 2222 4742 5244 434d 4252 4741
3d3d 3d3d 3d3d 2222 4742 5244 434d 4252
4741 3d3d 3d3d 3d3d 2222 4742 5244 434d
4252 4741 3d3d 3d3d 3d3d 2222 4742 5244
434d 4252 4741 3d3d 3d3d 3d3d 2222 4742
5244 434d 4252 4741 3d3d 3d3d 3d3d 2208
1300 0066 616c 7365 2247 4252 4443 4d42
5247 413d 3d3d 3d3d 3d22 6803 0000 2247
4252 4443 4d42 5247 413d 3d3d 3d3d 3d22
2247 4252 4443 4d42 5247 413d 3d3d 3d3d
3d22 2247 4252 4443 4d42 5247 413d 3d3d
3d3d 3d22 1300 0000 0100 0000 0200 0000
0300 0000 0400 0000 4600 0000 0500 0000
0600 0000 4700 0000 4800 0000 4900 0000
4a00 0000 4b00 0000 0a00 0000 0b00 0000
4c00 0000 4d00 0000 0800 0000 4e00 0000
4f00 0000 a40c 0000 d40c 0000 d90c 0000
dd0c 0000 df0c 0000 e90c 0000 030d 0000
1d0d 0000 270d 0000 310d 0000 3b0d 0000
450d 0000 4f0d 0000 530d 0000 580d 0000
620d 0000 6c0d 0000 700d 0000 7a0d 0000
0a00 0000 7b22 6e75 6d22 3a20 3330 3838
2c20 2273 7472 223a 2022 4742 5244 434d
4a51 4741 5944 414d 4252 4741 5944 414d
413d 227d 6661 6c73 6598 1f00 005b 5d22
4742 5244 434d 493d 2222 4742 5244 434d
4a51 4741 5944 414d 4252 4741 5944 414d
413d 2222 4742 5244 434d 4a52 4745 5954
434d 4251 4745 5954 414d 4251 2222 4742
5244 434d 493d 2222 4742 5244 434d 493d
2222 4742 5244 434d 493d 2222 4742 5244
434d 493d 2222 4742 5244 434d 493d 2298
1f00 0066 616c 7365 2247 4252 4443 4d49
3d22 2247 4252 4443 4d49 3d22 5800 0000
2247 4252 4443 4d49 3d22 2247 4252 4443
4d49 3d22 1300 0000 5000 0000 0100 0000
5100 0000 5200 0000 5300 0000 0200 0000
0300 0000 0400 0000 0500 0000 0600 0000
5400 0000 5500 0000 5600 0000 5700 0000
0a00 0000 0b00 0000 0800 0000 5800 0000
5900 0000 240e 0000 360e 0000 660e 0000
780e 0000 8a0e 0000 9c0e 0000 a00e 0000
a40e 0000 bf0e 0000 d90e 0000 f30e 0000
050f 0000 170f 0000 290f 0000 3b0f 0000
3f0f 0000 440f 0000 480f 0000 5a0f 0000
1200 0000 2247 4252 4443 4d42 5147 413d
3d3d 3d3d 3d22 7b22 6e75 6d22 3a20 3237
3330 2c20 2273 7472 223a 2022 4742 5244
434d 4252 4741 5954 414d 4a51 4745 5944
434d 413d 227d 2247 4252 4443 4d42 5147
413d 3d3d 3d3d 3d22 2247 4252 4443 4d42
5147 413d 3d3d 3d3d 3d22 2247 4252 4443
4d42 5147 413d 3d3d 3d3d 3d22 321e 0000
321e 0000 5b22 736f 7574 6865 6173 7422
2c20 2262 6163 6b67 726f 756e 6422 5d22
4742 5244 434d 4252 4741 5954 414d 4a51
4745 5944 434d 413d 2222 4742 5244 434d
4a52 4745 5944 414d 4252 4745 5944 414d
4a51 2222 4742 5244 434d 4251 4741 3d3d
3d3d 3d3d 2222 4742 5244 434d 4251 4741
3d3d 3d3d 3d3d 2222 4742 5244 434d 4251
4741 3d3d 3d3d 3d3d 2222 4742 5244 434d
4251 4741 3d3d 3d3d 3d3d 2232 1e00 0066
616c 7365 da02 0000 2247 4252 4443 4d42
5147 413d 3d3d 3d3d 3d22 2247 4252 4443
4d42 5147 413d 3d3d 3d3d 3d22 1300 0000
5a00 0000 0100 0000 0200 0000 0300 0000
0400 0000 5b00 0000 0500 0000 0600 0000
5c00 0000 5d00 0000 5e00 0000 5f00 0000
6000 0000 0a00 0000 0b00 0000 6100 0000
6200 0000 0800 0000 6300 0000 0c10 0000
1e10 0000 4e10 0000 5210 0000 5610 0000
8b10 0000 9d10 0000 b710 0000 d110 0000
e310 0000 f510 0000 0711 0000 1911 0000
2b11 0000 2f11 0000 3311 0000 4511 0000
5711 0000 5b11 0000 1200 0000 2247 4252
4443 4d42 5247 413d 3d3d 3d3d 3d22 7b22
6e75 6d22 3a20 3131 3539 2c20 2273 7472
223a 2022 4742 5244 434d 4251 4745 5944
414d 4251 4745 5954 433d 3d3d 227d 7472
7565 0f18 0000 5b22 6173 222c 2022 696e
746f 222c 2022 6865 222c 2022 7361 6964
222c 2022 6e69 6e65 222c 2022 656e 6572
6779 222c 2022 7468 6522 5d22 4742 5244
434d 4252 4741 3d3d 3d3d 3d3d 2222 4742
5244 434d 4251 4745 5944 414d 4251 4745
5954 433d 3d3d 2222 4742 5244 434d 4a51
4741 5944 414d 4251 4741 5954 434d 4a52
2222 4742 5244 434d 4252 4741 3d3d 3d3d
3d3d 2222 4742 5244 434d 4252 4741 3d3d
3d3d 3d3d 2222 4742 5244 434d 4252 4741
3d3d 3d3d 3d3d 2222 4742 5244 434d 4252
4741 3d3d 3d3d 3d3d 2222 4742 5244 434d
4252 4741 3d3d 3d3d 3d3d 220f 1800 0074
7275 6522 4742 5244 434d 4252 4741 3d3d
3d3d 3d3d 2222 4742 5244 434d 4252 4741
3d3d 3d3d 3d3d 229f 0000 0022 4742 5244
434d 4252 4741 3d3d 3d3d 3d3d 2213 0000
0064 0000 0001 0000 0065 0000 0066 0000
0067 0000 0002 0000 0003 0000 0004 0000
0005 0000 0006 0000 0068 0000 0069 0000
006a 0000 000a 0000 000b 0000 0008 0000
006b 0000 006c 0000 006d 0000 000d 1200
0017 1200 0047 1200 0051 1200 005b 1200
0065 1200 0069 1200 006d 1200 006f 1200
0089 1200 00a3 1200 00ad 1200 00b7 1200
00c1 1200 00c5 1200 00ca 1200 00ce 1200
00d8 1200 00e2 1200 000a 0000 0022 4742
5244 433d 3d3d 227b 226e 756d 223a 2035
3834 382c 2022 7374 7222 3a20 2247 4252
4443 4d42 5247 4559 4443 4d4a 5147 4559
5441 4d42 5122 7d22 4742 5244 433d 3d3d
2222 4742 5244 433d 3d3d 2222 4742 5244
433d 3d3d 2250 0300 0050 0300 005b 5d22
4742 5244 434d 4252 4745 5944 434d 4a51
4745 5954 414d 4251 2222 4742 5244 434d
4a51 4745 5944 434d 4251 4741 5941 3d3d
3d3d 2222 4742 5244 433d 3d3d 2222 4742
5244 433d 3d3d 2222 4742 5244 433d 3d3d
2250 0300 0066 616c 7365 5003 0000 2247
4252 4443 3d3d 3d22 2247 4252 4443 3d3d
3d22 2247 4252 4443 3d3d 3d22 1300 0000
6e00 0000 0100 0000 6f00 0000 7000 0000
7100 0000 0200 0000 0300 0000 0400 0000
0500 0000 0600 0000 7200 0000 7300 0000
7400 0000 0a00 0000 0b00 0000 7500 0000
0800 0000 7600 0000 7700 0000 8c13 0000
9613 0000 c613 0000 d013 0000 da13 0000
e413 0000 e813 0000 ec13 0000 f613 0000
1014 0000 2a14 0000 3414 0000 3e14 0000
4814 0000 4c14 0000 5014 0000 5a14 0000
5e14 0000 6814 0000 0a00 0000 2247 4252
4443 3d3d 3d22 7b22 6e75 6d22 3a20 3730
3235 2c20 2273 7472 223a 2022 4742 5244
434d 4a51 4745 5954 414d 4a52 4745 5944
414d 4252 227d 2247 4252 4443 3d3d 3d22
2247 4252 4443 3d3d 3d22 2247 4252 4443
3d3d 3d22 7472 7565 e907 0000 5b22 6661
6972 6c79 225d 2247 4252 4443 4d4a 5147
4559 5441 4d4a 5247 4559 4441 4d42 5222
2247 4252 4443 4d4a 5247 4559 5443 4d42
5247 4159 4443 3d3d 3d22 2247 4252 4443
3d3d 3d22 2247 4252 4443 3d3d 3d22 2247
4252 4443 3d3d 3d22 e907 0000 7472 7565
2247 4252 4443 3d3d 3d22 1900 0000 2247
4252 4443 3d3d 3d22 2247 4252 4443 3d3d
3d22 1300 0000 0100 0000 7800 0000 7900
0000 0200 0000 0300 0000 0400 0000 7a00
0000 0500 0000 0600 0000 7b00 0000 7c00
0000 7d00 0000 7e00 0000 7f00 0000 0a00
0000 0b00 0000 8000 0000 0800 0000 8100
0000 1215 0000 4215 0000 5415 0000 6615
0000 6a15 0000 6e15 0000 9515 0000 a715
0000 c115 0000 db15 0000 ed15 0000 ff15
0000 1116 0000 2316 0000 3516 0000 3916
0000 3d16 0000 4f16 0000 5316 0000 1200
0000 7b22 6e75 6d22 3a20 3236 3533 2c20
2273 7472 223a 2022 4742 5244 434d 4252
4741 5944 434d 4252 4745 5954 414d 493d
227d 2247 4252 4443 4d42 5147 413d 3d3d
3d3d 3d22 2247 4252 4443 4d42 5147 413d
3d3d 3d3d 3d22 7472 7565 e51d 0000 5b22
7761 7322 2c20 2274 6865 222c 2022 6172
6522 2c20 2273 696e 6365 222c 2022 6861
6e64 7922 5d22 4742 5244 434d 4251 4741
3d3d 3d3d 3d3d 2222 4742 5244 434d 4252
4741 5944 434d 4252 4745 5954 414d 493d
2222 4742 5244 434d 4a52 4741 5954 434d
4a52 4741 5944 434d 4252 2222 4742 5244
434d 4251 4741 3d3d 3d3d 3d3d 2222 4742
5244 434d 4251 4741 3d3d 3d3d 3d3d 2222
4742 5244 434d 4251 4741 3d3d 3d3d 3d3d
2222 4742 5244 434d 4251 4741 3d3d 3d3d
3d3d 2222 4742 5244 434d 4251 4741 3d3d
3d3d 3d3d 22e5 1d00 0074 7275 6522 4742
5244 434d 4251 4741 3d3d 3d3d 3d3d 228d
0200 0022 4742 5244 434d 4251 4741 3d3d
3d3d 3d3d 2213 0000 0001 0000 0082 0000
0002 0000 0003 0000 0004 0000 0083 0000
0005 0000 0006 0000 0084 0000 0085 0000
0086 0000 0087 0000 0088 0000 000a 0000
000b 0000 0089 0000 0008 0000 008a 0000
008b 0000 0005 1700 0035 1700 003f 1700
0043 1700 0047 1700 0060 1700 006a 1700
0084 1700 009e 1700 00a8 1700 00b2 1700
00bc 1700 00c6 1700 00d0 1700 00d4 1700
00d8 1700 00e2 1700 00e6 1700 00f0 1700
000a 0000 007b 226e 756d 223a 2036 3335
352c 2022 7374 7222 3a20 2247 4252 4443
4d4a 5147 4159 4443 4d4a 5147 4559 4441
4d4a 5222 7d22 4742 5244 434d 413d 224b
0500 004b 0500 005b 2272 6574 7572 6e73
222c 2022 6861 726b 222c 2022 6f66 225d
2247 4252 4443 4d41 3d22 2247 4252 4443
4d4a 5147 4159 4443 4d4a 5147 4559 4441
4d4a 5222 2247 4252 4443 4d42 5247 4159
5441 4d42 5247 4159 5443 3d3d 3d22 2247
4252 4443 4d41 3d22 2247 4252 4443 4d41
3d22 2247 4252 4443 4d41 3d22 2247 4252
4443 4d41 3d22 2247 4252 4443 4d41 3d22
4b05 0000 7472 7565 2247 4252 4443 4d41
3d22 6301 0000 2247 4252 4443 4d41 3d22
2247 4252 4443 4d41 3d22 1300 0000 0100
0000 0200 0000 0300 0000 0400 0000 3c00
0000 0500 0000 0600 0000 3d00 0000 3e00
0000 3f00 0000 4000 0000 4100 0000 0a00
0000 0b00 0000 4200 0000 0800 0000 4300
0000 4400 0000 4500 0000 9a18 0000 ca18
0000 ce18 0000 d218 0000 0119 0000 0b19
0000 2519 0000 3f19 0000 4919 0000 5319
0000 5d19 0000 6719 0000 7119 0000 7519
0000 7a19 0000 8419 0000 8819 0000 9219
0000 9c19 0000 0a00 0000 7b22 6e75 6d22
3a20 3637 3732 2c20 2273 7472 223a 2022
4742 5244 434d 4a51 4745 5944 414d 4a52
4745 5944 434d 4251 227d ec06 0000 ec06
0000 5b22 7375 6974 6162 6c65 222c 2022
6e61 7469 6f6e 616c 6973 6d22 2c20 226a
7564 6963 6961 6c22 2c20 2262 696f 2d22
5d22 4742 5244 433d 3d3d 2222 4742 5244
434d 4a51 4745 5944 414d 4a52 4745 5944
434d 4251 2222 4742 5244 434d 4a51 4745
5954 434d 4252 4745 5944 413d 3d3d 2222
4742 5244 433d 3d3d 2222 4742 5244 433d
3d3d 2222 4742 5244 433d 3d3d 2222 4742
5244 433d 3d3d 2222 4742 5244 433d 3d3d
22ec 0600 0066 616c 7365 2247 4252 4443
3d3d 3d22 0403 0000 2247 4252 4443 3d3d
3d22 2247 4252 4443 3d3d 3d22 2247 4252
4443 3d3d 3d22 1300 0000 0100 0000 8200
0000 0200 0000 0300 0000 0400 0000 8300
0000 0500 0000 0600 0000 8400 0000 8500
0000 8600 0000 8700 0000 8800 0000 0a00
0000 0b00 0000 8900 0000 0800 0000 8a00
0000 8b00 0000 461a 0000 761a 0000 801a
0000 9a1a 0000 9e1a 0000 b61a 0000 c01a
0000 da1a 0000 f41a 0000 fe1a 0000 081b
0000 121b 0000 1c1b 0000 261b 0000 2a1b
0000 2e1b 0000 381b 0000 3c1b 0000 461b
0000 0a00 0000 7b22 6e75 6d22 3a20 3139
3535 2c20 2273 7472 223a 2022 4742 5244
434d 4a52 4745 5944 434d 4251 4741 5954
433d 3d3d 227d 2247 4252 4443 4d49 3d22
2247 4252 4443 4d4a 5147 4559 5441 4d42
5247 4159 5441 4d4a 5222 2b1b 0000 5b22
7468 6522 2c20 2277 6f6e 6465 7273 222c
2022 6966 225d 2247 4252 4443 4d49 3d22
2247 4252 4443 4d4a 5247 4559 4443 4d42
5147 4159 5443 3d3d 3d22 2247 4252 4443
4d4a 5147 4559 5441 4d42 5247 4159 5441
4d4a 5222 2247 4252 4443 4d49 3d22 2247
4252 4443 4d49 3d22 2247 4252 4443 4d49
3d22 2247 4252 4443 4d49 3d22 2247 4252
4443 4d49 3d22 2b1b 0000 7472 7565 2247
4252 4443 4d49 3d22 bb03 0000 2247 4252
4443 4d49 3d22 2247 4252 4443 4d49 3d22
1300 0000 0100 0000 0200 0000 0300 0000
0400 0000 0500 0000 0600 0000 0800 0000
8c00 0000 8d00 0000 8e00 0000 0a00 0000
0b00 0000 8f00 0000 9000 0000 9100 0000
9200 0000 9300 0000 9400 0000 9500 0000
f01b 0000 201c 0000 3a1c 0000 3e1c 0000
661c 0000 801c 0000 9a1c 0000 9e1c 0000
a81c 0000 b21c 0000 bc1c 0000 c01c 0000
c51c 0000 cf1c 0000 d91c 0000 e31c 0000
ed1c 0000 f71c 0000 011d 0000 0a00 0000
7b22 6e75 6d22 3a20 3737 3634 2c20 2273
7472 223a 2022 4742 5244 434d 4a52 4745
5944 414d 4a51 4745 5944 434d 4251 227d
2247 4252 4443 4d42 5247 4159 5443 4d42
5147 4559 5441 4d41 3d22 cc0a 0000 5b22
6775 696c 6422 2c20 226f 6666 6963 6522
2c20 226d 6564 6963 696e 6522 2c20 2277
686f 7365 225d 2247 4252 4443 4d4a 5247
4559 4441 4d4a 5147 4559 4443 4d42 5122
2247 4252 4443 4d42 5247 4159 5443 4d42
5147 4559 5441 4d41 3d22 fc02 0000 2247
4252 4443 4d49 3d22 2247 4252 4443 4d49
3d22 2247 4252 4443 4d49 3d22 cc0a 0000
6661 6c73 6522 4742 5244 434d 493d 2222
4742 5244 434d 493d 2222 4742 5244 434d
493d 2222 4742 5244 434d 493d 2222 4742
5244 434d 493d 2222 4742 5244 434d 493d
2222 4742 5244 434d 493d 2213 0000 0096
0000 0001 0000 0008 0000 0002 0000 0003
0000 0004 0000 0097 0000 0005 0000 0006
0000 0098 0000 0099 0000 009a 0000 009b
0000 009c 0000 000a 0000 000b 0000 009d
0000 009e 0000 009f 0000 00ab 1d00 00bd
1d00 00ed 1d00 00f1 1d00 00f5 1d00 00f9
1d00 0024 1e00 0036 1e00 0050 1e00 006a
1e00 007c 1e00 008e 1e00 00a0 1e00 00b2
1e00 00c4 1e00 00c8 1e00 00cd 1e00 00df
1e00 00f1 1e00 0012 0000 0022 4742 5244
434d 4251 4745 3d3d 3d3d 3d3d 227b 226e
756d 223a 2032 3431 322c 2022 7374 7222
3a20 2247 4252 4443 4d42 5147 4559 4443
4d4a 5147 4559 5441 4d41 3d22 7d9c 0100
00f4 1c00 00f4 1c00 005b 2263 6861 7274
6572 222c 2022 7665 6c6f 6369 7469 6573
222c 2022 6672 6967 6874 656e 222c 2022
7765 225d 2247 4252 4443 4d42 5147 453d
3d3d 3d3d 3d22 2247 4252 4443 4d42 5147
4559 4443 4d4a 5147 4559 5441 4d41 3d22
2247 4252 4443 4d4a 5247 4159 4443 4d4a
5247 4559 4443 4d42 5122 2247 4252 4443
4d42 5147 453d 3d3d 3d3d 3d22 2247 4252
4443 4d42 5147 453d 3d3d 3d3d 3d22 2247
4252 4443 4d42 5147 453d 3d3d 3d3d 3d22
2247 4252 4443 4d42 5147 453d 3d3d 3d3d
3d22 2247 4252 4443 4d42 5147 453d 3d3d
3d3d 3d22 f41c 0000 6661 6c73 6522 4742
5244 434d 4251 4745 3d3d 3d3d 3d3d 2222
4742 5244 434d 4251 4745 3d3d 3d3d 3d3d
2222 4742 5244 434d 4251 4745 3d3d 3d3d
3d3d 2213 0000 0001 0000 00a0 0000 00a1
0000 0002 0000 0003 0000 0004 0000 00a2
0000 0005 0000 0006 0000 00a3 0000 00a4
0000 00a5 0000 00a6 0000 00a7 0000 000a
0000 000b 0000 00a8 0000 0008 0000 00a9
0000 00a3 1f00 00d3 1f00 00dd 1f00 00e7
1f00 00f9 1f00 00fd 1f00 000a 2000 0014
2000 002e 2000 0040 2000 004a 2000 0054
2000 005e 2000 0068 2000 0072 2000 0076
2000 007b 2000 0085 2000 0089 2000 000a
0000 007b 226e 756d 223a 2035 3035 382c
2022 7374 7222 3a20 2247 4252 4443 4d42
5147 4559 5443 4d4a 5147 4159 4441 4d4a
5122 7d22 4742 5244 434d 493d 2222 4742
5244 434d 493d 2222 4742 5244 434d 4a52
4741 5954 413d 3d3d 223a 0000 005b 2266
6f72 222c 2022 746f 225d 2247 4252 4443
4d49 3d22 2247 4252 4443 4d42 5147 4559
5443 4d4a 5147 4159 4441 4d4a 5122 2247
4252 4443 4d4a 5247 4159 5441 3d3d 3d22
2247 4252 4443 4d49 3d22 2247 4252 4443
4d49 3d22 2247 4252 4443 4d49 3d22 2247
4252 4443 4d49 3d22 2247 4252 4443 4d49
3d22 3a00 0000 6661 6c73 6522 4742 5244
434d 493d 223a 0000 0022 4742 5244 434d
493d 2213 0000 0001 0000 0002 0000 0003
0000 0004 0000 00aa 0000 0005 0000 0006
0000 00ab 0000 00ac 0000 00ad 0000 00ae
0000 00af 0000 000a 0000 000b 0000 00b0
0000 00b1 0000 00b2 0000 0008 0000 00b3
0000 0033 2100 0063 2100 0068 2100 006c
2100 009a 2100 00ac 2100 00c6 2100 00e0
2100 00f2 2100 0004 2200 0016 2200 0028
2200 003a 2200 003e 2200 0043 2200 0055
2200 0067 2200 0079 2200 007d 2200 0012
0000 007b 226e 756d 223a 2037 3136 362c
2022 7374 7222 3a20 2247 4252 4443 4d4a
5147 4559 5443 4d4a 5247 4559 5443 4d4a
5122 7d66 616c 7365 7608 0000 5b22 6c61
7322 2c20 226f 6622 2c20 2269 6465 6e74
6974 7922 2c20 2261 7322 2c20 2261 7761
7922 2c20 2274 6865 225d 2247 4252 4443
4d42 5247 413d 3d3d 3d3d 3d22 2247 4252
4443 4d4a 5147 4559 5443 4d4a 5247 4559
5443 4d4a 5122 2247 4252 4443 4d42 5147
4159 4443 4d4a 5247 4159 5443 4d41 3d22
2247 4252 4443 4d42 5247 413d 3d3d 3d3d
3d22 2247 4252 4443 4d42 5247 413d 3d3d
3d3d 3d22 2247 4252 4443 4d42 5247 413d
3d3d 3d3d 3d22 2247 4252 4443 4d42 5247
413d 3d3d 3d3d 3d22 2247 4252 4443 4d42
5247 413d 3d3d 3d3d 3d22 7608 0000 6661
6c73 6522 4742 5244 434d 4252 4741 3d3d
3d3d 3d3d 2222 4742 5244 434d 4252 4741
3d3d 3d3d 3d3d 2222 4742 5244 434d 4252
4741 3d3d 3d3d 3d3d 22a6 0000 0022 4742
5244 434d 4252 4741 3d3d 3d3d 3d3d 2213
0000 00b4 0000 0001 0000 0002 0000 0003
0000 0004 0000 0005 0000 0006 0000 0008
0000 000a 0000 000b 0000 00b5 0000 00b6
0000 00b7 0000 00b8 0000 00b9 0000 00ba
0000 00bb 0000 00bc 0000 00bd 0000 002f
2300 0039 2300 0071 2300 0075 2300 0079
2300 00b2 2300 00d4 2300 00ee 2300 00f2
2300 00f6 2300 00fa 2300 0004 2400 000e
2400 0018 2400 0022 2400 002c 2400 0036
2400 0040 2400 004a 2400 000a 0000 0022
4742 5244 434d 413d 227b 226e 756d 223a
2039 3339 312c 2022 7374 7222 3a20 2247
4252 4443 4d42 5147 4559 4441 4d4a 5147
4559 4443 4d4a 5247 453d 3d3d 3d3d 3d22
7d27 1100 0027 1100 005b 2266 6f72 222c
2022 6173 222c 2022 6c65 7373 222c 2022
7468 6f73 6522 2c20 2274 6f6f 6b22 2c20
2261 7567 7573 7461 222c 2022 7069 7065
225d 2247 4252 4443 4d42 5147 4559 4441
4d4a 5147 4559 4443 4d4a 5247 453d 3d3d
3d3d 3d22 2247 4252 4443 4d42 5147 4159
5441 4d42 5247 4159 4443 4d4a 5222 8701
0000 2711 0000 7472 7565 2247 4252 4443
4d41 3d22 2247 4252 4443 4d41 3d22 2247
4252 4443 4d41 3d22 2247 4252 4443 4d41
3d22 2247 4252 4443 4d41 3d22 2247 4252
4443 4d41 3d22 2247 4252 4443 4d41 3d22
2247 4252 4443 4d41 3d22 2247 4252 4443
4d41 3d22 1300 0000 0100 0000 7800 0000
7900 0000 0200 0000 0300 0000 0400 0000
7a00 0000 0500 0000 0600 0000 7b00 0000
7c00 0000 7d00 0000 7e00 0000 7f00 0000
0a00 0000 0b00 0000 8000 0000 0800 0000
8100 0000 f424 0000 2425 0000 2e25 0000
3825 0000 5225 0000 5625 0000 8b25 0000
9525 0000 af25 0000 c925 0000 d325 0000
dd25 0000 e725 0000 f125 0000 fb25 0000
ff25 0000 0326 0000 0d26 0000 1126 0000
0a00 0000 7b22 6e75 6d22 3a20 3730 3533
2c20 2273 7472 223a 2022 4742 5244 434d
4a51 4745 5954 434d 4251 4741 5954 434d
4252 227d 2247 4252 4443 4d4a 5222 2247
4252 4443 4d4a 5222 2247 4252 4443 4d42
5147 4159 4441 4d42 5147 4159 5441 4d49
3d22 0508 0000 5b22 666c 6f77 6572 7322
2c20 2261 736b 6564 222c 2022 6c69 6b65
222c 2022 7370 6563 6961 6c22 2c20 2269
6e74 6572 6178 6961 6c22 5d22 4742 5244
434d 4a52 2222 4742 5244 434d 4a51 4745
5954 434d 4251 4741 5954 434d 4252 2222
4742 5244 434d 4251 4741 5944 414d 4251
4741 5954 414d 493d 2222 4742 5244 434d
4a52 2222 4742 5244 434d 4a52 2222 4742
5244 434d 4a52 2222 4742 5244 434d 4a52
2222 4742 5244 434d 4a52 2205 0800 0074
7275 6522 4742 5244 434d 4a52 2235 0000
0022 4742 5244 434d 4a52 2213 0000 0001
0000 0002 0000 0003 0000 0004 0000 0005
0000 0006 0000 0008 0000 000a 0000 000b
0000 001e 0000 001f 0000 0020 0000 0021
0000 0022 0000 0023 0000 0024 0000 0025
0000 0026 0000 0027 0000 00bb 2600 00eb
2600 00ef 2600 00f3 2600 000d 2700 0027
2700 0041 2700 0045 2700 0049 2700 004d
2700 005f 2700 0071 2700 0083 2700 0095
2700 00a7 2700 00b9 2700 00cb 2700 00dd
2700 00ef 2700 0012 0000 007b 226e 756d
223a 2032 3337 392c 2022 7374 7222 3a20
2247 4252 4443 4d42 5147 4559 4443 4d42
5147 4559 4443 4d49 3d22 7dd3 1c00 00d3
1c00 005b 2274 6f22 2c20 2266 7269 6768
7465 6e65 6422 2c20 226f 7222 5d22 4742
5244 434d 4251 4745 5944 434d 4251 4745
5944 434d 493d 2222 4742 5244 434d 4a52
4741 5944 434d 4a51 4745 5944 414d 4a52
227b 0100 00d3 1c00 0074 7275 6522 4742
5244 434d 4251 4745 3d3d 3d3d 3d3d 2222
4742 5244 434d 4251 4745 3d3d 3d3d 3d3d
2222 4742 5244 434d 4251 4745 3d3d 3d3d
3d3d 2222 4742 5244 434d 4251 4745 3d3d
3d3d 3d3d 2222 4742 5244 434d 4251 4745
3d3d 3d3d 3d3d 2222 4742 5244 434d 4251
4745 3d3d 3d3d 3d3d 2222 4742 5244 434d
4251 4745 3d3d 3d3d 3d3d 2222 4742 5244
434d 4251 4745 3d3d 3d3d 3d3d 2222 4742
5244 434d 4251 4745 3d3d 3d3d 3d3d 2222
4742 5244 434d 4251 4745 3d3d 3d3d 3d3d
2213 0000 0001 0000 0002 0000 0003 0000
0004 0000 0005 0000 0006 0000 00be 0000
00bf 0000 0008 0000 00c0 0000 00c1 0000
00c2 0000 000a 0000 000b 0000 00c3 0000
00c4 0000 00c5 0000 00c6 0000 00c7 0000
00a1 2800 00d1 2800 00d6 2800 00da 2800
0002 2900 001c 2900 0036 2900 0040 2900
004a 2900 004e 2900 0058 2900 0062 2900
006c 2900 0070 2900 0075 2900 007f 2900
0089 2900 0093 2900 009d 2900 000a 0000
007b 226e 756d 223a 2037 3734 322c 2022
7374 7222 3a20 2247 4252 4443 4d4a 5247
4559 4441 4d42 5247 4559 5443 4d4a 5122
7d66 616c 7365 b60a 0000 5b22 736f 222c
2022 6922 2c20 2274 6865 222c 2022 7365
656d 6564 222c 2022 7468 6522 2c20 2261
225d 2247 4252 4443 4d4a 5247 4559 4441
4d42 5247 4559 5443 4d4a 5122 2247 4252
4443 4d42 5247 4159 5441 4d4a 5247 4159
5443 4d41 3d22 2247 4252 4443 4d49 3d22
2247 4252 4443 4d49 3d22 e602 0000 2247
4252 4443 4d49 3d22 2247 4252 4443 4d49
3d22 2247 4252 4443 4d49 3d22 b60a 0000
6661 6c73 6522 4742 5244 434d 493d 2222
4742 5244 434d 493d 2222 4742 5244 434d
493d 2222 4742 5244 434d 493d 2222 4742
5244 434d 493d 2213 0000 0001 0000 00c8
0000 0002 0000 0003 0000 0004 0000 0005
0000 0006 0000 00c9 0000 0008 0000 00ca
0000 00cb 0000 00cc 0000 000a 0000 000b
0000 00cd 0000 00ce 0000 00cf 0000 00d0
0000 00d1 0000 0047 2a00 006e 2a00 0078
2a00 007c 2a00 0080 2a00 0087 2a00 0099
2a00 00b3 2a00 00bd 2a00 00c1 2a00 00cb
2a00 00d5 2a00 00df 2a00 00e3 2a00 00e7
2a00 00f1 2a00 00fb 2a00 0005 2b00 000f
2b00 000a 0000 007b 226e 756d 223a 2031
3737 2c20 2273 7472 223a 2022 4742 5244
434d 4252 4745 5944 414d 4252 227d 2247
4252 4443 4d4a 5222 3914 0000 3914 0000
5b22 6275 7422 5d22 4742 5244 434d 4252
4745 5944 414d 4252 2222 4742 5244 434d
4252 4741 5944 414d 4252 4745 5954 414d
4252 2222 4742 5244 434d 4a52 22b1 0000
0022 4742 5244 434d 4a52 2222 4742 5244
434d 4a52 2222 4742 5244 434d 4a52 2239
1400 0074 7275 6522 4742 5244 434d 4a52
2222 4742 5244 434d 4a52 2222 4742 5244
434d 4a52 2222 4742 5244 434d 4a52 2222
4742 5244 434d 4a52 2213 0000 0001 0000
0002 0000 0003 0000 0004 0000 0005 0000
0006 0000 00be 0000 00bf 0000 0008 0000
00c0 0000 00c1 0000 00c2 0000 000a 0000
000b 0000 00c3 0000 00c4 0000 00c5 0000
00c6 0000 00c7 0000 00b9 2b00 00f1 2b00
00f5 2b00 00f9 2b00 0036 2c00 0058 2c00
0072 2c00 007c 2c00 0086 2c00 008a 2c00
0094 2c00 009e 2c00 00a8 2c00 00ac 2c00
00b1 2c00 00bb 2c00 00c5 2c00 00cf 2c00
00d9 2c00 000a 0000 007b 226e 756d 223a
2039 3134 322c 2022 7374 7222 3a20 2247
4252 4443 4d42 5147 4159 5443 4d4a 5147
4559 5441 4d4a 5247 413d 3d3d 3d3d 3d22
7d2e 1000 002e 1000 005b 226d 696e 7574
6573 222c 2022 616e 7377 6572 7322 2c20
2269 7422 2c20 2235 222c 2022 616d 7573
696e 6722 2c20 2272 656c 6174 696f 6e73
6869 7073 225d 2247 4252 4443 4d42 5147
4159 5443 4d4a 5147 4559 5441 4d4a 5247
413d 3d3d 3d3d 3d22 2247 4252 4443 4d42
5147 4159 4441 4d42 5247 4159 5443 4d4a
5122 2247 4252 4443 4d4a 5122 2247 4252
4443 4d4a 5122 8e00 0000 2247 4252 4443
4d4a 5122 2247 4252 4443 4d4a 5122 2247
4252 4443 4d4a 5122 2e10 0000 6661 6c73
6522 4742 5244 434d 4a51 2222 4742 5244
434d 4a51 2222 4742 5244 434d 4a51 2222
4742 5244 434d 4a51 2222 4742 5244 434d
4a51 2213 0000 0001 0000 0002 0000 0003
0000 0004 0000 0005 0000 0006 0000 0008
0000 00d2 0000 000a 0000 000b 0000 00d3
0000 00d4 0000 00d5 0000 00d6 0000 00d7
0000 00d8 0000 00d9 0000 00da 0000 00db
0000 0083 2d00 00b3 2d00 00b7 2d00 00bb
2d00 00de 2d00 00f8 2d00 0012 2e00 0016
2e00 0028 2e00 002c 2e00 0031 2e00 0043
2e00 0055 2e00 0067 2e00 0079 2e00 008b
2e00 009d 2e00 00af 2e00 00c1 2e00 0012
0000 007b 226e 756d 223a 2037 3531 362c
2022 7374 7222 3a20 2247 4252 4443 4d4a
5247 4159 5441 4d4a 5147 4559 5443 4d42
5122 7dd4 0900 00d4 0900 005b 2273 6372
6561 6d22 2c20 226c 6f6e 6722 2c20 2274
6f22 2c20 2265 6666 6f72 7473 225d 2247
4252 4443 4d4a 5247 4159 5441 4d4a 5147
4559 5443 4d42 5122 2247 4252 4443 4d42
5147 4559 5443 4d42 5247 4159 5441 4d41
3d22 0402 0000 2247 4252 4443 4d42 5147
413d 3d3d 3d3d 3d22 d409 0000 6661 6c73
6522 4742 5244 434d 4251 4741 3d3d 3d3d
3d3d 2222 4742 5244 434d 4251 4741 3d3d
3d3d 3d3d 2222 4742 5244 434d 4251 4741
3d3d 3d3d 3d3d 2222 4742 5244 434d 4251
4741 3d3d 3d3d 3d3d 2222 4742 5244 434d
4251 4741 3d3d 3d3d 3d3d 2222 4742 5244
434d 4251 4741 3d3d 3d3d 3d3d 2222 4742
5244 434d 4251 4741 3d3d 3d3d 3d3d 2222
4742 5244 434d 4251 4741 3d3d 3d3d 3d3d
2222 4742 5244 434d 4251 4741 3d3d 3d3d
3d3d 2213 0000 00dc 0000 0001 0000 0002
0000 0003 0000 0004 0000 0005 0000 0006
0000 00dd 0000 0008 0000 00de 0000 00df
0000 00e0 0000 000a 0000 000b 0000 00e1
0000 00e2 0000 00e3 0000 00e4 0000 00e5
0000 0073 2f00 007d 2f00 00ad 2f00 00b2
2f00 00b6 2f00 00eb 2f00 0005 3000 001f
3000 0029 3000 002d 3000 0037 3000 0041
3000 004b 3000 004f 3000 0054 3000 005e
3000 0068 3000 0072 3000 007c 3000 000a
0000 0022 4742 5244 434d 4a51 227b 226e
756d 223a 2035 3533 342c 2022 7374 7222
3a20 2247 4252 4443 4d42 5247 4159 5443
4d42 5147 4559 5443 4d4a 5122 7d66 616c
7365 1602 0000 5b22 7468 6522 2c20 2265
7863 6c75 7369 7665 6c79 222c 2022 616c
6c79 222c 2022 646f 776e 222c 2022 6772
6561 7422 2c20 226f 6622 5d22 4742 5244
434d 4252 4741 5954 434d 4251 4745 5954
434d 4a51 2222 4742 5244 434d 4251 4741
5944 434d 4252 4745 5941 3d3d 3d3d 2222
4742 5244 434d 4a51 2216 0200 0022 4742
5244 434d 4a51 2222 4742 5244 434d 4a51
2222 4742 5244 434d 4a51 2216 0200 0066
616c 7365 2247 4252 4443 4d4a 5122 2247
4252 4443 4d4a 5122 2247 4252 4443 4d4a
5122 2247 4252 4443 4d4a 5122 2247 4252
4443 4d4a 5122 1300 0000 0100 0000 0200
0000 0300 0000 0400 0000 0500 0000 0600
0000 e600 0000 0800 0000 e700 0000 e800
0000 e900 0000 0a00 0000 0b00 0000 ea00
0000 eb00 0000 ec00 0000 ed00 0000 ee00
0000 ef00 0000 2631 0000 5531 0000 5931
0000 5d31 0000 8331 0000 9d31 0000 b731
0000 c131 0000 c531 0000 cf31 0000 d931
0000 e331 0000 e731 0000 eb31 0000 f531
0000 ff31 0000 0932 0000 1332 0000 1d32
0000 0a00 0000 7b22 6e75 6d22 3a20 3730
392c 2022 7374 7222 3a20 2247 4252 4443
4d42 5247 4559 4441 4d42 5247 4159 513d
3d3d 3d22 7d74 7275 654d 1600 005b 2273
6f75 6c22 2c20 2262 7574 222c 2022 6f66
222c 2022 7368 6f75 6c64 222c 2022 3130
3022 5d22 4742 5244 434d 4252 4745 5944
414d 4252 4741 5951 3d3d 3d3d 2222 4742
5244 434d 4252 4745 5944 414d 4a51 4741
5954 434d 4252 2222 4742 5244 413d 3d3d
22c5 0200 0022 4742 5244 413d 3d3d 2222
4742 5244 413d 3d3d 2222 4742 5244 413d
3d3d 224d 1600 0074 7275 6522 4742 5244
413d 3d3d 2222 4742 5244 413d 3d3d 2222
4742 5244 413d 3d3d 2222 4742 5244 413d
3d3d 2222 4742 5244 413d 3d3d 2222 4742
5244 413d 3d3d 2213 0000 0001 0000 0002
0000 0003 0000 0004 0000 0005 0000 0006
0000 0008 0000 000a 0000 000b 0000 00f0
0000 00f1 0000 00f2 0000 00f3 0000 00f4
0000 00f5 0000 00f6 0000 00f7 0000 00f8
0000 00f9 0000 00c7 3200 00f6 3200 00fb
3200 00ff 3200 0001 3300 001b 3300 0035
3300 0039 3300 003d 3300 0042 3300 004c
3300 0056 3300 0060 3300 006a 3300 0074
3300 007e 3300 0088 3300 0092 3300 009c
3300 000a 0000 007b 226e 756d 223a 2037
3336 2c20 2273 7472 223a 2022 4742 5244
434d 4252 4745 5954 414d 4251 4741 5941
3d3d 3d3d 227d 6661 6c73 6568 1600 005b
5d22 4742 5244 434d 4252 4745 5954 414d
4251 4741 5941 3d3d 3d3d 2222 4742 5244
434d 4252 4745 5944 414d 4a52 4741 5954
414d 4251 22e0 0200 0068 1600 0066 616c
7365 2247 4252 4443 4d42 5222 2247 4252
4443 4d42 5222 2247 4252 4443 4d42 5222
2247 4252 4443 4d42 5222 2247 4252 4443
4d42 5222 2247 4252 4443 4d42 5222 2247
4252 4443 4d42 5222 2247 4252 4443 4d42
5222 2247 4252 4443 4d42 5222 2247 4252
4443 4d42 5222 1300 0000 0100 0000 0200
0000 0300 0000 0400 0000 0500 0000 0600
0000 be00 0000 bf00 0000 0800 0000 c000
0000 c100 0000 c200 0000 0a00 0000 0b00
0000 c300 0000 c400 0000 c500 0000 c600
0000 c700 0000 4634 0000 7634 0000 7a34
0000 7e34 0000 b234 0000 cc34 0000 ee34
0000 0035 0000 1235 0000 1635 0000 2835
0000 3a35 0000 4c35 0000 5035 0000 5535
0000 6735 0000 7935 0000 8b35 0000 9d35
0000 1200 0000 7b22 6e75 6d22 3a20 3339
3432 2c20 2273 7472 223a 2022 4742 5244
434d 4a52 4745 5944 434d 4a51 4741 5954
434d 413d 227d ee22 0000 ee22 0000 5b22
776f 726c 6422 2c20 2227 2722 2c20 2274
6865 222c 2022 6974 222c 2022 6f66 6669
6365 7227 7322 2c20 226b 6974 6368 656e
225d 2247 4252 4443 4d4a 5247 4559 4443
4d4a 5147 4159 5443 4d41 3d22 2247 4252
4443 4d42 5147 4159 5441 4d4a 5247 4559
4443 4d4a 5247 413d 3d3d 3d3d 3d22 2247
4252 4443 4d42 5247 413d 3d3d 3d3d 3d22
2247 4252 4443 4d42 5247 413d 3d3d 3d3d
3d22 ae03 0000 2247 4252 4443 4d42 5247
413d 3d3d 3d3d 3d22 2247 4252 4443 4d42
5247 413d 3d3d 3d3d 3d22 2247 4252 4443
4d42 5247 413d 3d3d 3d3d 3d22 ee22 0000
6661 6c73 6522 4742 5244 434d 4252 4741
3d3d 3d3d 3d3d 2222 4742 5244 434d 4252
4741 3d3d 3d3d 3d3d 2222 4742 5244 434d
4252 4741 3d3d 3d3d 3d3d 2222 4742 5244
434d 4252 4741 3d3d 3d3d 3d3d 2222 4742
5244 434d 4252 4741 3d3d 3d3d 3d3d 2213
0000 0001 0000 0002 0000 0003 0000 0004
0000 0005 0000 0006 0000 0008 0000 00fa
0000 00fb 0000 000a 0000 000b 0000 00fc
0000 00fd 0000 00fe 0000 00ff 0000 0000
0100 0001 0100 0002 0100 0003 0100 004f
3600 007f 3600 0083 3600 0087 3600 00bf
3600 00d9 3600 00eb 3600 00ef 3600 0001
3700 0013 3700 0017 3700 001c 3700 002e
3700 0040 3700 0052 3700 0064 3700 0076
3700 0088 3700 009a 3700 0012 0000 007b
226e 756d 223a 2035 3230 362c 2022 7374
7222 3a20 2247 4252 4443 4d42 5247 4159
4441 4d4a 5147 4559 4443 4d4a 5122 7dce
0000 00ce 0000 005b 2274 6f22 2c20 2279
6561 7222 2c20 2269 6e66 6f72 6d61 7469
6f6e 222c 2022 686f 7472 6f64 222c 2022
6265 6572 222c 2022 6769 7665 6e22 5d22
4742 5244 434d 4252 4741 5944 414d 4a51
4745 5944 434d 4a51 2222 4742 5244 434d
4a51 4741 5954 434d 4a51 22ce 0000 0022
4742 5244 434d 4251 4741 3d3d 3d3d 3d3d
2222 4742 5244 434d 4251 4741 3d3d 3d3d
3d3d 22ce 0000 0066 616c 7365 2247 4252
4443 4d42 5147 413d 3d3d 3d3d 3d22 2247
4252 4443 4d42 5147 413d 3d3d 3d3d 3d22
2247 4252 4443 4d42 5147 413d 3d3d 3d3d
3d22 2247 4252 4443 4d42 5147 413d 3d3d
3d3d 3d22 2247 4252 4443 4d42 5147 413d
3d3d 3d3d 3d22 2247 4252 4443 4d42 5147
413d 3d3d 3d3d 3d22 2247 4252 4443 4d42
5147 413d 3d3d 3d3d 3d22 2247 4252 4443
4d42 5147 413d 3d3d 3d3d 3d22 1300 0000
3200 0000 0100 0000 3300 0000 3400 0000
3500 0000 0200 0000 0300 0000 0400 0000
3600 0000 0500 0000 0600 0000 3700 0000
3800 0000 3900 0000 0a00 0000 0b00 0000
0800 0000 3a00 0000 3b00 0000 4c38 0000
5638 0000 8638 0000 9038 0000 9a38 0000
a438 0000 a838 0000 ac38 0000 ae38 0000
b838 0000 d238 0000 ec38 0000 f638 0000
0039 0000 0a39 0000 0e39 0000 1339 0000
1739 0000 2139 0000 0a00 0000 2247 4252
4443 4d49 3d22 7b22 6e75 6d22 3a20 3533
3434 2c20 2273 7472 223a 2022 4742 5244
434d 4252 4741 5944 434d 4a52 4741 5944
414d 4251 227d 2247 4252 4443 4d49 3d22
2247 4252 4443 4d49 3d22 2247 4252 4443
4d49 3d22 5801 0000 5801 0000 5b5d 2247
4252 4443 4d49 3d22 2247 4252 4443 4d42
5247 4159 4443 4d4a 5247 4159 4441 4d42
5122 2247 4252 4443 4d42 5247 4159 5443
4d42 5147 413d 3d3d 3d3d 3d22 2247 4252
4443 4d49 3d22 2247 4252 4443 4d49 3d22
2247 4252 4443 4d49 3d22 5801 0000 6661
6c73 6558 0100 0022 4742 5244 434d 493d
2222 4742 5244 434d 493d 2213 0000 0050
0000 0001 0000 0051 0000 0052 0000 0053
0000 0002 0000 0003 0000 0004 0000 0005
0000 0006 0000 0054 0000 0055 0000 0056
0000 0057 0000 000a 0000 000b 0000 0008
0000 0058 0000 0059 0000 00cb 3900 00d5
3900 0005 3a00 000f 3a00 0019 3a00 0023
3a00 0027 3a00 002b 3a00 0067 3a00 0081
3a00 00a3 3a00 00ad 3a00 00b7 3a00 00c1
3a00 00cb 3a00 00cf 3a00 00d4 3a00 00d8
3a00 00e2 3a00 000a 0000 0022 4742 5244
433d 3d3d 227b 226e 756d 223a 2034 3233
302c 2022 7374 7222 3a20 2247 4252 4443
4d42 5147 4159 4443 4d42 5147 4159 4443
4d4a 5122 7d22 4742 5244 433d 3d3d 2222
4742 5244 433d 3d3d 2222 4742 5244 433d
3d3d 220e 2400 000e 2400 005b 2268 616e
6422 2c20 2273 6967 6e69 6669 6361 6e63
6522 2c20 2273 6574 746c 6572 7322 2c20
2227 2722 2c20 2268 6973 222c 2022 696e
6869 6269 7422 5d22 4742 5244 434d 4251
4741 5944 434d 4251 4741 5944 434d 4a51
2222 4742 5244 434d 4251 4745 5944 414d
4251 4741 5944 434d 4a52 4741 3d3d 3d3d
3d3d 2222 4742 5244 433d 3d3d 2222 4742
5244 433d 3d3d 2222 4742 5244 433d 3d3d
2222 4742 5244 433d 3d3d 220e 2400 0066
616c 7365 e600 0000 2247 4252 4443 3d3d
3d22 2247 4252 4443 3d3d 3d22 1300 0000
0100 0000 0401 0000 0200 0000 0300 0000
0400 0000 0500 0000 0600 0000 0800 0000
0a00 0000 0b00 0000 0501 0000 0601 0000
0701 0000 0801 0000 0901 0000 0a01 0000
0b01 0000 0c01 0000 0d01 0000 8c3b 0000
c43b 0000 ce3b 0000 d23b 0000 d63b 0000
ec3b 0000 0e3c 0000 283c 0000 2c3c 0000
303c 0000 353c 0000 3f3c 0000 493c 0000
533c 0000 5d3c 0000 673c 0000 713c 0000
7b3c 0000 853c 0000 0a00 0000 7b22 6e75
6d22 3a20 3839 3338 2c20 2273 7472 223a
2022 4742 5244 434d 4251 4741 5954 414d
4a52 4745 5944 434d 4252 4741 3d3d 3d3d
3d3d 227d 2247 4252 4441 3d3d 3d22 620f
0000 620f 0000 5b22 636f 6e74 7269 6275
7465 222c 2022 6561 6368 225d 2247 4252
4443 4d42 5147 4159 5441 4d4a 5247 4559
4443 4d42 5247 413d 3d3d 3d3d 3d22 2247
4252 4443 4d4a 5247 4559 4443 4d4a 5147
4159 4443 4d41 3d22 aa03 0000 620f 0000
6661 6c73 6522 4742 5244 413d 3d3d 2222
4742 5244 413d 3d3d 2222 4742 5244 413d
3d3d 2222 4742 5244 413d 3d3d 2222 4742
5244 413d 3d3d 2222 4742 5244 413d 3d3d
2222 4742 5244 413d 3d3d 2222 4742 5244
413d 3d3d 2222 4742 5244 413d 3d3d 2213
0000 0001 0000 0002 0000 0003 0000 0004
0000 0005 0000 0006 0000 0008 0000 000a
0000 000b 0000 000e 0100 000f 0100 0010
0100 0011 0100 0012 0100 0013 0100 0014
0100 0015 0100 0016 0100 0017 0100 002f
3d00 005f 3d00 0064 3d00 0068 3d00 007d
3d00 0097 3d00 00b1 3d00 00b5 3d00 00b9
3d00 00be 3d00 00c8 3d00 00d2 3d00 00dc
3d00 00e6 3d00 00f0 3d00 00fa 3d00 0004
3e00 000e 3e00 0018 3e00 000a 0000 007b
226e 756d 223a 2035 3631 382c 2022 7374
7222 3a20 2247 4252 4443 4d42 5247 4159
5443 4d4a 5247 4559 4441 4d4a 5122 7d66
616c 7365 6a02 0000 5b22 6964 656e 7469
7479 222c 2022 6170 6172 7422 5d22 4742
5244 434d 4252 4741 5954 434d 4a52 4745
5944 414d 4a51 2222 4742 5244 434d 4251
4745 5954 414d 4a51 4745 5941 3d3d 3d3d
226a 0200 006a 0200 0066 616c 7365 2247
4252 4443 4d41 3d22 2247 4252 4443 4d41
3d22 2247 4252 4443 4d41 3d22 2247 4252
4443 4d41 3d22 2247 4252 4443 4d41 3d22
2247 4252 4443 4d41 3d22 2247 4252 4443
4d41 3d22 2247 4252 4443 4d41 3d22 2247
4252 4443 4d41 3d22 2247 4252 4443 4d41
3d22 1300 0000 1400 0000 0100 0000 1500
0000 1600 0000 1700 0000 0200 0000 0300
0000 0400 0000 1800 0000 0500 0000 0600
0000 1900 0000 0a00 0000 0b00 0000 1a00
0000 1b00 0000 0800 0000 1c00 0000 1d00
0000 c23e 0000 cc3e 0000 fc3e 0000 063f